
==== 樣品級監控 ====
樣品ID,站點,結果,瑕疵名稱,分數
0,1,NG,deform,1.00
0,2,NG,deform,1.00
0,3,OK,OK,0.00
0,4,OK,OK,0.00
1,1,NG,SC,0.83
1,2,NG,SC,0.82
1,3,OK,OK,0.00
1,4,OK,OK,0.00
2,1,NG,SC,0.79
2,2,NG,SC,0.81
2,3,OK,OK,0.00
2,4,OK,OK,0.00
3,1,NG,SC,0.74
3,2,NG,deform,1.00
3,3,OK,OK,0.00
3,4,OK,OK,0.00
4,1,NG,deform,1.00
4,2,NG,deform,1.00
4,3,OK,OK,0.00
4,4,OK,OK,0.00
5,1,NG,SC,0.76
5,2,NG,SC,0.76
5,3,OK,OK,0.00
5,4,OK,OK,0.00
6,1,NG,SC,0.72
6,2,NG,SC,0.70
6,3,OK,OK,0.00
6,4,OK,OK,0.00
7,1,NG,SC,0.83
7,2,NG,SC,0.84
7,3,OK,OK,0.00
7,4,OK,OK,0.00
8,1,NG,SC,0.66
8,2,NG,SC,0.78
8,3,OK,OK,0.00
8,4,OK,OK,0.00
9,1,NG,SC,0.83
9,2,NG,SC,0.75
9,3,OK,OK,0.00
9,4,OK,OK,0.00
10,1,NG,SC,0.73
10,2,NG,SC,0.78
10,3,OK,OK,0.00
10,4,OK,OK,0.00
11,1,NG,SC,0.75
11,2,NG,SC,0.81
11,3,OK,OK,0.00
11,4,OK,OK,0.00
12,1,NG,SC,0.76
12,2,NG,SC,0.65
12,3,OK,OK,0.00
12,4,OK,OK,0.00
13,1,NG,SC,0.76
13,2,NG,SC,0.85
13,3,OK,OK,0.00
13,4,OK,OK,0.00
14,1,NG,deform,1.00
14,2,NG,SC,0.71
14,3,OK,OK,0.00
14,4,OK,OK,0.00
15,1,NG,SC,0.53
15,2,NG,deform,1.00
15,3,OK,OK,0.00
15,4,OK,OK,0.00
16,1,NG,SC,0.77
16,2,NG,SC,0.74
16,3,OK,OK,0.00
16,4,OK,OK,0.00
17,1,NG,deform,1.00
17,2,NG,SC,0.84
17,3,OK,OK,0.00
17,4,OK,OK,0.00
18,1,NG,SC,0.86
18,2,NG,SC,0.82
18,3,OK,OK,0.00
18,4,OK,OK,0.00
19,1,NG,SC,0.83
19,2,NG,SC,0.80
19,3,OK,OK,0.00
19,4,OK,OK,0.00
20,1,NG,SC,0.71
20,2,NG,SC,0.69
20,3,OK,OK,0.00
20,4,OK,OK,0.00
21,1,NG,SC,0.78
21,2,NG,SC,0.77
21,3,OK,OK,0.00
21,4,OK,OK,0.00
22,1,NG,deform,1.00
22,2,NG,SC,0.86
22,3,OK,OK,0.00
22,4,OK,OK,0.00
23,1,NG,SC,0.84
23,2,NG,deform,1.00
23,3,OK,OK,0.00
23,4,OK,OK,0.00
24,1,NG,SC,0.79
24,2,NG,SC,0.74
24,3,OK,OK,0.00
24,4,OK,OK,0.00
25,1,NG,deform,1.00
25,2,NG,SC,0.82
25,3,OK,OK,0.00
25,4,OK,OK,0.00
26,1,NG,SC,0.84
26,2,NG,SC,0.86
26,3,OK,OK,0.00
26,4,OK,OK,0.00
27,1,NG,SC,0.71
27,2,NG,deform,1.00
27,3,OK,OK,0.00
27,4,OK,OK,0.00
28,1,NG,SC,0.75
28,2,NG,SC,0.76
28,3,OK,OK,0.00
28,4,OK,OK,0.00
29,1,NG,SC,0.79
29,2,NG,deform,1.00
29,3,OK,OK,0.00
29,4,OK,OK,0.00
30,1,NG,SC,0.82
30,2,NG,SC,0.64
30,3,OK,OK,0.00
30,4,OK,OK,0.00
31,1,NG,SC,0.75
31,2,NG,SC,0.77
31,3,OK,OK,0.00
31,4,OK,OK,0.00
32,1,NG,SC,0.72
32,2,NG,deform,1.00
32,3,OK,OK,0.00
32,4,OK,OK,0.00
33,1,NG,SC,0.79
33,2,NG,SC,0.70
33,3,OK,OK,0.00
33,4,OK,OK,0.00
34,1,NG,SC,0.80
34,2,NG,SC,0.82
34,3,OK,OK,0.00
34,4,OK,OK,0.00
35,1,NG,SC,0.79
35,2,NG,SC,0.71
35,3,OK,OK,0.00
35,4,OK,OK,0.00
36,1,NG,deform,1.00
36,2,NG,NULL_invalid,1.00
36,3,OK,OK,0.00
36,4,OK,OK,0.00
37,1,NG,SC,0.77
37,2,NG,SC,0.79
37,3,OK,OK,0.00
37,4,OK,OK,0.00
38,1,NG,deform,1.00
38,2,NG,SC,0.77
38,3,OK,OK,0.00
38,4,OK,OK,0.00
39,1,NG,SC,0.77
39,2,NG,SC,0.80
39,3,OK,OK,0.00
39,4,OK,OK,0.00
40,1,NG,deform,1.00
40,2,NG,NULL_invalid,1.00
40,3,OK,OK,0.00
40,4,OK,OK,0.00
41,1,OK,OK,0.00
41,2,OK,OK,0.00
41,3,OK,OK,0.00
41,4,OK,OK,0.00
42,1,NG,deform,1.00
42,2,NG,NULL_invalid,1.00
42,3,OK,OK,0.00
42,4,OK,OK,0.00
43,1,NG,SC,0.71
43,2,NG,SC,0.75
43,3,OK,OK,0.00
43,4,OK,OK,0.00
44,1,NG,SC,0.64
44,2,NG,SC,0.74
44,3,OK,OK,0.00
44,4,OK,OK,0.00
45,1,NG,SC,0.82
45,2,NG,SC,0.81
45,3,OK,OK,0.00
45,4,OK,OK,0.00
46,1,NG,deform,1.00
46,2,NG,NULL_invalid,1.00
46,3,OK,OK,0.00
46,4,OK,OK,0.00
47,1,NG,SC,0.80
47,2,NG,SC,0.82
47,3,OK,OK,0.00
47,4,OK,OK,0.00
48,1,NG,SC,0.80
48,2,NG,SC,0.80
48,3,OK,OK,0.00
48,4,OK,OK,0.00
49,1,NG,SC,0.83
49,2,NG,SC,0.80
49,3,OK,OK,0.00
49,4,OK,OK,0.00
50,1,NG,deform,1.00
50,2,NG,deform,1.00
50,3,OK,OK,0.00
50,4,OK,OK,0.00
51,1,NG,SC,0.81
51,2,NG,SC,0.75
51,3,OK,OK,0.00
51,4,OK,OK,0.00
52,1,NG,SC,0.82
52,2,NG,SC,0.85
52,3,OK,OK,0.00
52,4,OK,OK,0.00
54,1,NG,SC,0.84
54,2,NG,SC,0.83
54,3,OK,OK,0.00
54,4,OK,OK,0.00
55,1,NG,SC,0.81
55,2,NG,SC,0.69
55,3,OK,OK,0.00
55,4,OK,OK,0.00
56,1,NG,SC,0.65
56,2,NG,SC,0.77
56,3,OK,OK,0.00
56,4,OK,OK,0.00
57,1,NG,SC,0.74
57,2,OK,OK,0.00
57,3,OK,OK,0.00
57,4,OK,OK,0.00
58,1,NG,SC,0.54
58,2,NG,SC,0.81
58,3,OK,OK,0.00
58,4,OK,OK,0.00
59,1,NG,SC,0.81
59,2,NG,SC,0.74
59,3,OK,OK,0.00
59,4,OK,OK,0.00
60,1,OK,SC,0.32
60,2,NG,deform,1.00
60,3,OK,OK,0.00
60,4,OK,OK,0.00
61,1,NG,SC,0.53
61,2,OK,OK,0.00
61,3,OK,OK,0.00
61,4,OK,OK,0.00
62,1,NG,SC,0.77
62,2,NG,SC,0.41
62,3,OK,OK,0.00
62,4,OK,OK,0.00
63,1,NG,SC,0.82
63,2,NG,SC,0.80
63,3,OK,OK,0.00
63,4,OK,OK,0.00
64,1,NG,SC,0.76
64,2,NG,SC,0.68
64,3,OK,OK,0.00
64,4,OK,OK,0.00
65,1,OK,SC,0.37
65,2,NG,SC,0.79
65,3,OK,OK,0.00
65,4,OK,OK,0.00
66,1,NG,SC,0.61
66,2,NG,SC,0.73
66,3,OK,OK,0.00
66,4,OK,OK,0.00
67,1,NG,SC,0.54
67,2,NG,SC,0.74
67,3,OK,OK,0.00
67,4,OK,OK,0.00
68,1,NG,SC,0.80
68,2,NG,SC,0.70
68,3,OK,OK,0.00
68,4,OK,OK,0.00
69,1,NG,SC,0.77
69,2,NG,SC,0.77
69,3,OK,OK,0.00
69,4,OK,OK,0.00
70,1,NG,SC,0.80
70,2,NG,SC,0.81
70,3,OK,OK,0.00
70,4,OK,OK,0.00
71,1,NG,SC,0.78
71,2,NG,SC,0.61
71,3,OK,OK,0.00
71,4,OK,OK,0.00
73,1,NG,SC,0.81
73,2,NG,SC,0.48
73,3,OK,OK,0.00
73,4,OK,OK,0.00
74,1,NG,SC,0.76
74,2,NG,SC,0.81
74,3,OK,OK,0.00
74,4,OK,OK,0.00
75,1,OK,OK,0.00
75,2,OK,OK,0.00
75,3,OK,OK,0.00
75,4,OK,OK,0.00
76,1,NG,deform,1.00
76,2,NG,SC,0.65
76,3,OK,OK,0.00
76,4,OK,OK,0.00
77,1,NG,SC,0.77
77,2,NG,deform,1.00
77,3,OK,OK,0.00
77,4,OK,OK,0.00
78,1,NG,SC,0.73
78,2,NG,SC,0.75
78,3,OK,OK,0.00
78,4,OK,OK,0.00
79,1,NG,SC,0.74
79,2,NG,SC,0.51
79,3,OK,OK,0.00
79,4,OK,OK,0.00
80,1,NG,SC,0.76
80,2,OK,OK,0.00
80,3,OK,OK,0.00
80,4,OK,OK,0.00
81,1,NG,deform,1.00
81,2,NG,deform,1.00
81,3,OK,OK,0.00
81,4,OK,OK,0.00
82,1,NG,SC,0.80
82,2,NG,SC,0.78
82,3,OK,OK,0.00
82,4,OK,OK,0.00
83,1,NG,SC,0.80
83,2,NG,SC,0.74
83,3,OK,OK,0.00
83,4,OK,OK,0.00
84,1,NG,SC,0.86
84,2,NG,SC,0.88
84,3,OK,OK,0.00
84,4,OK,OK,0.00
85,1,NG,deform,1.00
85,2,NG,SC,0.80
85,3,OK,OK,0.00
85,4,OK,OK,0.00
86,1,NG,SC,0.81
86,2,NG,deform,1.00
86,3,OK,OK,0.00
86,4,OK,OK,0.00
87,1,OK,OK,0.00
87,2,NG,SC,0.64
87,3,OK,OK,0.00
87,4,OK,OK,0.00
88,1,NG,SC,0.88
88,2,NG,deform,1.00
88,3,OK,OK,0.00
88,4,OK,OK,0.00
89,1,NG,SC,0.80
89,2,NG,SC,0.78
89,3,OK,OK,0.00
89,4,OK,OK,0.00
90,1,NG,deform,1.00
90,2,NG,NULL_invalid,1.00
90,3,OK,OK,0.00
90,4,OK,OK,0.00
91,1,NG,SC,0.77
91,2,NG,SC,0.78
91,3,OK,OK,0.00
91,4,OK,OK,0.00
92,1,NG,SC,0.73
92,2,NG,SC,0.74
92,3,OK,OK,0.00
92,4,OK,OK,0.00
93,1,NG,SC,0.75
93,2,NG,SC,0.64
93,3,OK,OK,0.00
93,4,OK,OK,0.00
94,1,OK,OK,0.00
94,2,NG,SC,0.78
94,3,OK,OK,0.00
94,4,OK,OK,0.00
95,1,NG,SC,0.70
95,2,NG,deform,1.00
95,3,OK,OK,0.00
95,4,OK,OK,0.00
96,1,NG,SC,0.82
96,2,NG,SC,0.81
96,3,OK,OK,0.00
96,4,OK,OK,0.00
97,1,NG,SC,0.85
97,2,NG,SC,0.42
97,3,OK,OK,0.00
97,4,OK,OK,0.00
98,1,NG,SC,0.83
98,2,NG,SC,0.83
98,3,OK,OK,0.00
98,4,OK,OK,0.00
99,1,NG,SC,0.75
99,2,NG,SC,0.45
99,3,OK,OK,0.00
99,4,OK,OK,0.00
100,1,NG,SC,0.81
100,2,NG,SC,0.75
100,3,OK,OK,0.00
100,4,OK,OK,0.00
101,1,NG,SC,0.79
101,2,NG,SC,0.80
101,3,OK,OK,0.00
101,4,OK,OK,0.00
102,1,NG,SC,0.86
102,2,NG,SC,0.81
102,3,OK,OK,0.00
102,4,OK,OK,0.00
103,1,NG,SC,0.71
103,2,NG,SC,0.60
103,3,OK,OK,0.00
103,4,OK,OK,0.00
104,1,OK,OK,0.00
104,2,NG,SC,0.64
104,3,OK,OK,0.00
104,4,OK,OK,0.00
105,1,NG,INP,0.88
105,2,NG,INP,0.80
105,3,OK,OK,0.00
105,4,OK,OK,0.00
106,1,NG,SC,0.76
106,2,NG,SC,0.81
106,3,OK,OK,0.00
106,4,OK,OK,0.00
109,1,NG,deform,1.00
109,2,NG,deform,1.00
109,3,OK,OK,0.00
109,4,OK,OK,0.00
110,1,NG,SC,0.86
110,2,NG,SC,0.72
110,3,OK,OK,0.00
110,4,OK,OK,0.00
111,1,NG,SC,0.82
111,2,NG,SC,0.69
111,3,OK,OK,0.00
111,4,OK,OK,0.00
112,1,NG,SC,0.69
112,2,NG,SC,0.67
112,3,OK,OK,0.00
112,4,OK,OK,0.00
113,1,NG,SC,0.75
113,2,NG,deform,1.00
113,3,OK,OK,0.00
113,4,OK,OK,0.00
114,1,NG,SC,0.80
114,2,NG,SC,0.78
114,3,OK,OK,0.00
114,4,OK,OK,0.00
115,1,NG,SC,0.73
115,2,NG,SC,0.67
115,3,OK,OK,0.00
115,4,OK,OK,0.00
116,1,NG,SC,0.86
116,2,NG,SC,0.82
116,3,OK,OK,0.00
116,4,OK,OK,0.00
117,1,NG,SC,0.79
117,2,NG,deform,1.00
117,3,OK,OK,0.00
117,4,OK,OK,0.00
118,1,OK,OK,0.00
118,2,NG,SC,0.46
118,3,OK,OK,0.00
118,4,OK,OK,0.00
119,1,NG,SC,0.55
119,2,NG,SC,0.57
119,3,OK,OK,0.00
119,4,OK,OK,0.00
120,1,OK,OK,0.00
120,2,OK,OK,0.00
120,3,OK,OK,0.00
120,4,OK,OK,0.00
121,1,NG,SC,0.72
121,2,NG,SC,0.79
121,3,OK,OK,0.00
121,4,OK,OK,0.00
122,1,OK,SC,0.39
122,2,NG,SC,0.77
122,3,OK,OK,0.00
122,4,OK,OK,0.00
123,1,NG,deform,1.00
123,2,NG,SC,0.80
123,3,OK,OK,0.00
123,4,OK,OK,0.00
124,1,NG,SC,0.56
124,2,NG,SC,0.71
124,3,OK,OK,0.00
124,4,OK,OK,0.00
125,1,NG,SC,0.79
125,2,NG,SC,0.76
125,3,OK,OK,0.00
125,4,OK,OK,0.00
126,1,NG,SC,0.71
126,2,NG,deform,1.00
126,3,OK,OK,0.00
126,4,OK,OK,0.00
127,1,NG,SC,0.80
127,2,NG,SC,0.76
127,3,OK,OK,0.00
127,4,OK,OK,0.00
128,1,NG,SC,0.81
128,2,NG,SC,0.74
128,3,OK,OK,0.00
128,4,OK,OK,0.00
129,1,NG,SC,0.72
129,2,NG,SC,0.55
129,3,OK,OK,0.00
129,4,OK,OK,0.00
130,1,NG,SC,0.83
130,2,NG,SC,0.80
130,3,OK,OK,0.00
130,4,OK,OK,0.00
131,1,NG,deform,1.00
131,2,NG,deform,1.00
131,3,OK,OK,0.00
131,4,OK,OK,0.00
132,1,NG,SC,0.73
132,2,NG,SC,0.66
132,3,OK,OK,0.00
132,4,OK,OK,0.00
133,1,NG,SC,0.73
133,2,NG,SC,0.48
133,3,OK,OK,0.00
133,4,OK,OK,0.00
134,1,NG,SC,0.68
134,2,NG,SC,0.68
134,3,OK,OK,0.00
134,4,OK,OK,0.00
135,1,NG,deform,1.00
135,2,NG,deform,1.00
135,3,OK,OK,0.00
135,4,OK,OK,0.00
136,1,NG,SC,0.81
136,2,NG,SC,0.76
136,3,OK,OK,0.00
136,4,OK,OK,0.00
137,1,NG,SC,0.80
137,2,NG,SC,0.80
137,3,OK,OK,0.00
137,4,OK,OK,0.00
138,1,NG,SC,0.81
138,2,NG,SC,0.84
138,3,OK,OK,0.00
138,4,OK,OK,0.00
139,1,NG,SC,0.64
139,2,NG,SC,0.83
139,3,OK,OK,0.00
139,4,OK,OK,0.00
140,1,NG,SC,0.75
140,2,NG,SC,0.74
140,3,OK,OK,0.00
140,4,OK,OK,0.00
141,1,NG,SC,0.77
141,2,NG,SC,0.79
141,3,OK,OK,0.00
141,4,OK,OK,0.00
142,1,NG,SC,0.79
142,2,NG,SC,0.82
142,3,OK,OK,0.00
142,4,OK,OK,0.00
143,1,NG,SC,0.74
143,2,NG,SC,0.80
143,3,OK,OK,0.00
143,4,OK,OK,0.00
144,1,OK,SC,0.40
144,2,NG,deform,1.00
144,3,OK,OK,0.00
144,4,OK,OK,0.00
145,1,OK,OK,0.00
145,2,OK,OK,0.00
145,3,OK,OK,0.00
145,4,OK,OK,0.00
146,1,NG,SC,0.52
146,2,NG,SC,0.81
146,3,OK,OK,0.00
146,4,OK,OK,0.00
147,1,NG,SC,0.77
147,2,NG,SC,0.81
147,3,OK,OK,0.00
147,4,OK,OK,0.00
148,1,NG,SC,0.74
148,2,NG,SC,0.72
148,3,OK,OK,0.00
148,4,OK,OK,0.00
149,1,NG,SC,0.72
149,2,NG,SC,0.68
149,3,OK,OK,0.00
149,4,OK,OK,0.00
150,1,NG,SC,0.72
150,2,NG,deform,1.00
150,3,OK,OK,0.00
150,4,OK,OK,0.00
151,1,OK,OK,0.00
151,2,OK,OK,0.00
151,3,OK,OK,0.00
151,4,OK,OK,0.00
152,1,OK,OK,0.00
152,2,OK,OK,0.00
152,3,OK,OK,0.00
152,4,OK,OK,0.00
153,1,NG,SC,0.76
153,2,NG,SC,0.76
153,3,OK,OK,0.00
153,4,OK,OK,0.00
154,1,NG,SC,0.77
154,2,NG,SC,0.83
154,3,OK,OK,0.00
154,4,OK,OK,0.00
155,1,NG,SC,0.80
155,2,NG,SC,0.77
155,3,OK,OK,0.00
155,4,OK,OK,0.00
156,1,NG,SC,0.83
156,2,NG,SC,0.78
156,3,OK,OK,0.00
156,4,OK,OK,0.00
157,1,OK,OK,0.00
157,2,OK,OK,0.00
157,3,OK,OK,0.00
157,4,OK,OK,0.00
158,1,OK,OK,0.00
158,2,OK,OK,0.00
158,3,OK,OK,0.00
158,4,OK,OK,0.00
159,1,NG,SC,0.82
159,2,NG,SC,0.80
159,3,OK,OK,0.00
159,4,OK,OK,0.00
160,1,NG,deform,1.00
160,2,NG,SC,0.67
160,3,OK,OK,0.00
160,4,OK,OK,0.00
161,1,NG,SC,0.73
161,2,NG,SC,0.80
161,3,OK,OK,0.00
161,4,OK,OK,0.00
162,1,OK,OK,0.00
162,2,OK,SC,0.32
162,3,OK,OK,0.00
162,4,OK,OK,0.00
163,1,NG,SC,0.63
163,2,NG,SC,0.69
163,3,OK,OK,0.00
163,4,OK,OK,0.00
164,1,NG,SC,0.50
164,2,NG,SC,0.80
164,3,OK,OK,0.00
164,4,OK,OK,0.00
165,1,NG,deform,1.00
165,2,NG,deform,1.00
165,3,OK,OK,0.00
165,4,OK,OK,0.00
166,1,OK,OK,0.00
166,2,OK,OK,0.00
166,3,OK,OK,0.00
166,4,OK,OK,0.00
167,1,NG,SC,0.79
167,2,NG,SC,0.81
167,3,OK,OK,0.00
167,4,OK,OK,0.00
168,1,NG,SC,0.85
168,2,NG,SC,0.84
168,3,OK,OK,0.00
168,4,OK,OK,0.00
169,1,NG,SC,0.78
169,2,NG,SC,0.79
169,3,OK,OK,0.00
169,4,OK,OK,0.00
170,1,NG,SC,0.77
170,2,NG,SC,0.64
170,3,OK,OK,0.00
170,4,OK,OK,0.00
171,1,NG,deform,1.00
171,2,NG,deform,1.00
171,3,OK,OK,0.00
171,4,OK,OK,0.00
172,1,OK,OK,0.00
172,2,NG,deform,1.00
172,3,OK,OK,0.00
172,4,OK,OK,0.00
173,1,NG,SC,0.77
173,2,NG,SC,0.79
173,3,OK,OK,0.00
173,4,OK,OK,0.00
174,1,NG,SC,0.61
174,2,NG,SC,0.51
174,3,OK,OK,0.00
174,4,OK,OK,0.00
175,1,NG,SC,0.46
175,2,NG,SC,0.75
175,3,OK,OK,0.00
175,4,OK,OK,0.00
176,1,OK,OK,0.00
176,2,OK,OK,0.00
176,3,OK,OK,0.00
176,4,OK,OK,0.00
177,1,NG,SC,0.78
177,2,NG,SC,0.67
177,3,OK,OK,0.00
177,4,OK,OK,0.00
178,1,OK,OK,0.00
178,2,OK,OK,0.00
178,3,OK,OK,0.00
178,4,OK,OK,0.00
179,1,NG,deform,1.00
179,2,NG,deform,1.00
179,3,OK,OK,0.00
179,4,OK,OK,0.00
180,1,NG,SC,0.63
180,2,NG,SC,0.48
180,3,OK,OK,0.00
180,4,OK,OK,0.00
181,1,NG,SC,0.85
181,2,NG,SC,0.77
181,3,OK,OK,0.00
181,4,OK,OK,0.00
182,1,NG,SC,0.75
182,2,NG,SC,0.74
182,3,OK,OK,0.00
182,4,OK,OK,0.00
183,1,OK,SC,0.33
183,2,NG,SC,0.87
183,3,OK,OK,0.00
183,4,OK,OK,0.00
184,1,NG,SC,0.81
184,2,NG,SC,0.76
184,3,OK,OK,0.00
184,4,OK,OK,0.00
185,1,NG,SC,0.80
185,2,NG,SC,0.76
185,3,OK,OK,0.00
185,4,OK,OK,0.00
186,1,NG,deform,1.00
186,2,NG,SC,0.83
186,3,OK,OK,0.00
186,4,OK,OK,0.00
187,1,NG,SC,0.84
187,2,NG,SC,0.80
187,3,OK,OK,0.00
187,4,OK,OK,0.00
188,1,NG,SC,0.81
188,2,NG,SC,0.82
188,3,OK,OK,0.00
188,4,OK,OK,0.00
189,1,NG,SC,0.77
189,2,NG,SC,0.63
189,3,OK,OK,0.00
189,4,OK,OK,0.00
190,1,NG,SC,0.75
190,2,NG,SC,0.82
190,3,OK,OK,0.00
190,4,OK,OK,0.00
191,1,NG,deform,1.00
191,2,NG,SC,0.73
191,3,OK,OK,0.00
191,4,OK,OK,0.00
192,1,NG,SC,0.80
192,2,NG,SC,0.64
192,3,OK,OK,0.00
192,4,OK,OK,0.00
193,1,NG,SC,0.85
193,2,NG,SC,0.79
193,3,OK,OK,0.00
193,4,OK,OK,0.00
194,1,NG,SC,0.42
194,2,OK,OK,0.00
194,3,OK,OK,0.00
194,4,OK,OK,0.00
195,1,NG,SC,0.54
195,2,NG,SC,0.80
195,3,OK,OK,0.00
195,4,OK,OK,0.00
196,1,NG,deform,1.00
196,2,NG,NULL_invalid,1.00
196,3,OK,OK,0.00
196,4,OK,OK,0.00
197,1,OK,SC,0.35
197,2,OK,SC,0.27
197,3,OK,OK,0.00
197,4,OK,OK,0.00
198,1,NG,SC,0.75
198,2,NG,SC,0.51
198,3,OK,OK,0.00
198,4,OK,OK,0.00
199,1,NG,SC,0.82
199,2,NG,SC,0.83
199,3,OK,OK,0.00
199,4,OK,OK,0.00
200,1,NG,SC,0.66
200,2,NG,SC,0.71
200,3,OK,OK,0.00
200,4,OK,OK,0.00
201,1,NG,SC,0.84
201,2,NG,SC,0.74
201,3,OK,OK,0.00
201,4,OK,OK,0.00
202,1,NG,deform,1.00
202,2,NG,deform,1.00
202,3,OK,OK,0.00
202,4,OK,OK,0.00
203,1,NG,SC,0.70
203,2,NG,SC,0.73
203,3,OK,OK,0.00
203,4,OK,OK,0.00
204,1,NG,SC,0.61
204,2,NG,deform,1.00
204,3,OK,OK,0.00
204,4,OK,OK,0.00
205,1,NG,SC,0.74
205,2,NG,SC,0.71
205,3,OK,OK,0.00
205,4,OK,OK,0.00
206,1,NG,SC,0.66
206,2,NG,deform,1.00
206,3,OK,OK,0.00
206,4,OK,OK,0.00
207,1,NG,deform,1.00
207,2,NG,SC,0.77
207,3,OK,OK,0.00
207,4,OK,OK,0.00
208,1,NG,SC,0.79
208,2,NG,deform,1.00
208,3,OK,OK,0.00
208,4,OK,OK,0.00
209,1,NG,deform,1.00
209,2,NG,SC,0.71
209,3,OK,OK,0.00
209,4,OK,OK,0.00
210,1,NG,SC,0.84
210,2,NG,SC,0.75
210,3,OK,OK,0.00
210,4,OK,OK,0.00
211,1,NG,SC,0.83
211,2,NG,SC,0.79
211,3,OK,OK,0.00
211,4,OK,OK,0.00
212,1,NG,SC,0.79
212,2,NG,SC,0.81
212,3,OK,OK,0.00
212,4,OK,OK,0.00
213,1,OK,OK,0.00
213,2,NG,SC,0.54
213,3,OK,OK,0.00
213,4,OK,OK,0.00
214,1,OK,OK,0.00
214,2,NG,SC,0.65
214,3,OK,OK,0.00
214,4,OK,OK,0.00
215,1,NG,SC,0.81
215,2,NG,SC,0.76
215,3,OK,OK,0.00
215,4,OK,OK,0.00
216,1,NG,SC,0.73
216,2,OK,OK,0.00
216,3,OK,OK,0.00
216,4,OK,OK,0.00
217,1,NG,SC,0.79
217,2,NG,SC,0.87
217,3,OK,OK,0.00
217,4,OK,OK,0.00
218,1,NG,SC,0.70
218,2,NG,deform,1.00
218,3,OK,OK,0.00
218,4,OK,OK,0.00
219,1,NG,SC,0.84
219,2,NG,SC,0.67
219,3,OK,OK,0.00
219,4,OK,OK,0.00
220,1,NG,SC,0.77
220,2,NG,SC,0.79
220,3,OK,OK,0.00
220,4,OK,OK,0.00
221,1,OK,OK,0.00
221,2,NG,SC,0.42
221,3,OK,OK,0.00
221,4,OK,OK,0.00
222,1,NG,SC,0.79
222,2,NG,SC,0.66
222,3,OK,OK,0.00
222,4,OK,OK,0.00
223,1,NG,SC,0.62
223,2,NG,SC,0.71
223,3,OK,OK,0.00
223,4,OK,OK,0.00
224,1,NG,SC,0.85
224,2,NG,SC,0.64
224,3,OK,OK,0.00
224,4,OK,OK,0.00
225,1,NG,deform,1.00
225,2,NG,SC,0.74
225,3,OK,OK,0.00
225,4,OK,OK,0.00
226,1,NG,SC,0.73
226,2,NG,SC,0.76
226,3,OK,OK,0.00
226,4,OK,OK,0.00
227,1,NG,deform,1.00
227,2,OK,OK,0.00
227,3,OK,OK,0.00
227,4,OK,OK,0.00
228,1,NG,deform,1.00
228,2,NG,deform,1.00
228,3,OK,OK,0.00
228,4,OK,OK,0.00
229,1,NG,deform,1.00
229,2,NG,SC,0.80
229,3,OK,OK,0.00
229,4,OK,OK,0.00
230,1,NG,SC,0.83
230,2,NG,SC,0.64
230,3,OK,OK,0.00
230,4,OK,OK,0.00
231,1,NG,SC,0.77
231,2,NG,SC,0.67
231,3,OK,OK,0.00
231,4,OK,OK,0.00
232,1,NG,deform,1.00
232,2,NG,SC,0.76
232,3,OK,OK,0.00
232,4,OK,OK,0.00
233,1,NG,SC,0.82
233,2,NG,SC,0.79
233,3,OK,OK,0.00
233,4,OK,OK,0.00
234,1,NG,SC,0.83
234,2,NG,SC,0.83
234,3,OK,OK,0.00
234,4,OK,OK,0.00
235,1,OK,OK,0.00
235,2,OK,OK,0.00
235,3,OK,OK,0.00
235,4,OK,OK,0.00
236,1,NG,SC,0.70
236,2,NG,SC,0.83
236,3,OK,OK,0.00
236,4,OK,OK,0.00
237,1,NG,SC,0.85
237,2,NG,SC,0.81
237,3,OK,OK,0.00
237,4,OK,OK,0.00
238,1,NG,SC,0.84
238,2,NG,SC,0.79
238,3,OK,OK,0.00
238,4,OK,OK,0.00
239,1,OK,OK,0.00
239,2,OK,OK,0.00
239,3,OK,OK,0.00
239,4,OK,OK,0.00
240,1,OK,OK,0.00
240,2,NG,SC,0.80
240,3,OK,OK,0.00
240,4,OK,OK,0.00
241,1,NG,SC,0.70
241,2,NG,SC,0.54
241,3,OK,OK,0.00
241,4,OK,OK,0.00
242,1,NG,SC,0.81
242,2,OK,OK,0.00
242,3,OK,OK,0.00
242,4,OK,OK,0.00
243,1,NG,SC,0.64
243,2,NG,SC,0.71
243,3,OK,OK,0.00
243,4,OK,OK,0.00
244,1,NG,deform,1.00
244,2,NG,deform,1.00
244,3,OK,OK,0.00
244,4,OK,OK,0.00
245,1,NG,SC,0.72
245,2,OK,OK,0.00
245,3,OK,OK,0.00
245,4,OK,OK,0.00
246,1,NG,SC,0.81
246,2,NG,SC,0.80
246,3,OK,OK,0.00
246,4,OK,OK,0.00
247,1,OK,OK,0.00
247,2,NG,SC,0.49
247,3,OK,OK,0.00
247,4,OK,OK,0.00
248,1,NG,SC,0.74
248,2,NG,SC,0.77
248,3,OK,OK,0.00
248,4,OK,OK,0.00
249,1,NG,SC,0.76
249,2,NG,SC,0.85
249,3,OK,OK,0.00
249,4,OK,OK,0.00
250,1,NG,SC,0.85
250,2,NG,SC,0.83
250,3,OK,OK,0.00
250,4,OK,OK,0.00
251,1,NG,SC,0.64
251,2,NG,SC,0.80
251,3,OK,OK,0.00
251,4,OK,OK,0.00
252,1,NG,SC,0.76
252,2,NG,SC,0.64
252,3,OK,OK,0.00
252,4,OK,OK,0.00
253,1,NG,SC,0.66
253,2,NG,deform,1.00
253,3,OK,OK,0.00
253,4,OK,OK,0.00
254,1,NG,SC,0.71
254,2,NG,SC,0.63
254,3,OK,OK,0.00
254,4,OK,OK,0.00
255,1,NG,SC,0.83
255,2,OK,SC,0.39
255,3,OK,OK,0.00
255,4,OK,OK,0.00
256,1,NG,SC,0.80
256,2,NG,SC,0.78
256,3,OK,OK,0.00
256,4,OK,OK,0.00
257,1,NG,SC,0.80
257,2,NG,SC,0.79
257,3,OK,OK,0.00
257,4,OK,OK,0.00
258,1,NG,SC,0.75
258,2,NG,SC,0.84
258,3,OK,OK,0.00
258,4,OK,OK,0.00
259,1,NG,SC,0.84
259,2,NG,SC,0.80
259,3,OK,OK,0.00
259,4,OK,OK,0.00
260,1,NG,deform,1.00
260,2,NG,NULL_invalid,1.00
260,3,OK,OK,0.00
260,4,OK,OK,0.00
261,1,OK,OK,0.00
261,2,OK,OK,0.00
261,3,OK,OK,0.00
261,4,OK,OK,0.00
262,1,NG,SC,0.80
262,2,NG,SC,0.69
262,3,OK,OK,0.00
262,4,OK,OK,0.00
263,1,NG,SC,0.79
263,2,NG,SC,0.61
263,3,OK,OK,0.00
263,4,OK,OK,0.00
264,1,NG,SC,0.76
264,2,NG,SC,0.45
264,3,OK,OK,0.00
264,4,OK,OK,0.00
265,1,OK,OK,0.00
265,2,OK,OK,0.00
265,3,OK,OK,0.00
265,4,OK,OK,0.00
266,1,NG,deform,1.00
266,2,OK,OK,0.00
266,3,OK,OK,0.00
266,4,OK,OK,0.00
267,1,OK,OK,0.00
267,2,NG,SC,0.51
267,3,OK,OK,0.00
267,4,OK,OK,0.00
268,1,NG,SC,0.79
268,2,NG,SC,0.60
268,3,OK,OK,0.00
268,4,OK,OK,0.00
269,1,NG,SC,0.73
269,2,NG,SC,0.75
269,3,OK,OK,0.00
269,4,OK,OK,0.00
270,1,NG,deform,1.00
270,2,NG,deform,1.00
270,3,OK,OK,0.00
270,4,OK,OK,0.00
271,1,NG,SC,0.73
271,2,NG,SC,0.80
271,3,OK,OK,0.00
271,4,OK,OK,0.00
272,1,OK,OK,0.00
272,2,NG,SC,0.83
272,3,OK,OK,0.00
272,4,OK,OK,0.00
273,1,NG,deform,1.00
273,2,NG,deform,1.00
273,3,OK,OK,0.00
273,4,OK,OK,0.00
274,1,NG,SC,0.75
274,2,NG,SC,0.79
274,3,OK,OK,0.00
274,4,OK,OK,0.00
275,1,NG,SC,0.83
275,2,OK,OK,0.00
275,3,OK,OK,0.00
275,4,OK,OK,0.00
276,1,OK,OK,0.00
276,2,OK,OK,0.00
276,3,OK,OK,0.00
276,4,OK,OK,0.00
277,1,NG,SC,0.80
277,2,NG,SC,0.62
277,3,OK,OK,0.00
277,4,OK,OK,0.00
278,1,NG,SC,0.60
278,2,NG,SC,0.68
278,3,OK,OK,0.00
278,4,OK,OK,0.00
279,1,NG,SC,0.75
279,2,NG,SC,0.75
279,3,OK,OK,0.00
279,4,OK,OK,0.00
280,1,NG,SC,0.84
280,2,NG,SC,0.72
280,3,OK,OK,0.00
280,4,OK,OK,0.00
281,1,NG,SC,0.66
281,2,OK,SC,0.30
281,3,OK,OK,0.00
281,4,OK,OK,0.00
282,1,NG,SC,0.80
282,2,NG,SC,0.74
282,3,OK,OK,0.00
282,4,OK,OK,0.00
283,1,NG,deform,1.00
283,2,NG,deform,1.00
283,3,OK,OK,0.00
283,4,OK,OK,0.00
284,1,NG,deform,1.00
284,2,OK,OK,0.00
284,3,OK,OK,0.00
284,4,OK,OK,0.00
285,1,NG,SC,0.72
285,2,NG,SC,0.73
285,3,OK,OK,0.00
285,4,OK,OK,0.00
286,1,NG,SC,0.83
286,2,NG,SC,0.69
286,3,OK,OK,0.00
286,4,OK,OK,0.00
287,1,NG,SC,0.44
287,2,NG,SC,0.46
287,3,OK,OK,0.00
287,4,OK,OK,0.00
288,1,OK,OK,0.00
288,2,OK,OK,0.00
288,3,OK,OK,0.00
288,4,OK,OK,0.00
289,1,NG,SC,0.79
289,2,NG,SC,0.81
289,3,OK,OK,0.00
289,4,OK,OK,0.00
290,1,NG,deform,1.00
290,2,OK,OK,0.00
290,3,OK,OK,0.00
290,4,OK,OK,0.00
291,1,NG,SC,0.80
291,2,NG,SC,0.70
291,3,OK,OK,0.00
291,4,OK,OK,0.00
292,1,NG,SC,0.75
292,2,NG,SC,0.68
292,3,OK,OK,0.00
292,4,OK,OK,0.00
293,1,NG,SC,0.85
293,2,NG,SC,0.82
293,3,OK,OK,0.00
293,4,OK,OK,0.00
294,1,NG,deform,1.00
294,2,NG,deform,1.00
294,3,OK,OK,0.00
294,4,OK,OK,0.00
295,1,NG,SC,0.64
295,2,NG,SC,0.74
295,3,OK,OK,0.00
295,4,OK,OK,0.00
296,1,NG,SC,0.82
296,2,NG,SC,0.83
296,3,OK,OK,0.00
296,4,OK,OK,0.00
297,1,NG,SC,0.79
297,2,NG,SC,0.69
297,3,OK,OK,0.00
297,4,OK,OK,0.00
298,1,NG,SC,0.54
298,2,NG,SC,0.77
298,3,OK,OK,0.00
298,4,OK,OK,0.00
299,1,NG,SC,0.71
299,2,NG,SC,0.59
299,3,OK,OK,0.00
299,4,OK,OK,0.00
300,1,NG,SC,0.76
300,2,NG,SC,0.82
300,3,OK,OK,0.00
300,4,OK,OK,0.00
301,1,NG,SC,0.74
301,2,NG,SC,0.76
301,3,OK,OK,0.00
301,4,OK,OK,0.00
302,1,OK,OK,0.00
302,2,NG,SC,0.77
302,3,OK,OK,0.00
302,4,OK,OK,0.00
303,1,OK,SC,0.33
303,2,NG,SC,0.71
303,3,OK,OK,0.00
303,4,OK,OK,0.00
304,1,OK,OK,0.00
304,2,NG,SC,0.82
304,3,OK,OK,0.00
304,4,OK,OK,0.00
305,1,NG,SC,0.84
305,2,NG,deform,1.00
305,3,OK,OK,0.00
305,4,OK,OK,0.00
306,1,NG,deform,1.00
306,2,NG,NULL_invalid,1.00
306,3,OK,OK,0.00
306,4,OK,OK,0.00
307,1,NG,SC,0.79
307,2,NG,SC,0.84
307,3,OK,OK,0.00
307,4,OK,OK,0.00
308,1,OK,SC,0.37
308,2,OK,OK,0.00
308,3,OK,OK,0.00
308,4,OK,OK,0.00
309,1,NG,SC,0.74
309,2,NG,SC,0.86
309,3,OK,OK,0.00
309,4,OK,OK,0.00
310,1,NG,SC,0.84
310,2,NG,SC,0.82
310,3,OK,OK,0.00
310,4,OK,OK,0.00
311,1,NG,SC,0.79
311,2,NG,SC,0.80
311,3,OK,OK,0.00
311,4,OK,OK,0.00
312,1,NG,SC,0.84
312,2,NG,SC,0.61
312,3,OK,OK,0.00
312,4,OK,OK,0.00
313,1,NG,SC,0.46
313,2,NG,SC,0.72
313,3,OK,OK,0.00
313,4,OK,OK,0.00
314,1,NG,SC,0.48
314,2,NG,SC,0.70
314,3,OK,OK,0.00
314,4,OK,OK,0.00
315,1,OK,OK,0.00
315,2,NG,SC,0.65
315,3,OK,OK,0.00
315,4,OK,OK,0.00
316,1,NG,SC,0.87
316,2,NG,SC,0.85
316,3,OK,OK,0.00
316,4,OK,OK,0.00
317,1,NG,SC,0.80
317,2,NG,SC,0.78
317,3,OK,OK,0.00
317,4,OK,OK,0.00
318,1,OK,OK,0.00
318,2,OK,OK,0.00
318,3,OK,OK,0.00
318,4,OK,OK,0.00
319,1,OK,SC,0.27
319,2,OK,OK,0.00
319,3,OK,OK,0.00
319,4,OK,OK,0.00
320,1,NG,SC,0.72
320,2,NG,SC,0.81
320,3,OK,OK,0.00
320,4,OK,OK,0.00
321,1,NG,SC,0.66
321,2,NG,SC,0.77
321,3,OK,OK,0.00
321,4,OK,OK,0.00
322,1,NG,SC,0.80
322,2,NG,SC,0.78
322,3,OK,OK,0.00
322,4,OK,OK,0.00
323,1,NG,deform,1.00
323,2,NG,deform,1.00
323,3,OK,OK,0.00
323,4,OK,OK,0.00
324,1,NG,SC,0.73
324,2,NG,deform,1.00
324,3,OK,OK,0.00
324,4,OK,OK,0.00
325,1,NG,SC,0.86
325,2,NG,SC,0.82
325,3,OK,OK,0.00
325,4,OK,OK,0.00
326,1,NG,SC,0.81
326,2,NG,SC,0.85
326,3,OK,OK,0.00
326,4,OK,OK,0.00
327,1,NG,SC,0.86
327,2,NG,SC,0.79
327,3,OK,OK,0.00
327,4,OK,OK,0.00
328,1,NG,SC,0.80
328,2,NG,SC,0.78
328,3,OK,OK,0.00
328,4,OK,OK,0.00
329,1,NG,deform,1.00
329,2,NG,NULL_invalid,1.00
329,3,OK,OK,0.00
329,4,OK,OK,0.00
330,1,NG,SC,0.78
330,2,NG,SC,0.60
330,3,OK,OK,0.00
330,4,OK,OK,0.00
331,1,NG,SC,0.70
331,2,NG,deform,1.00
331,3,OK,OK,0.00
331,4,OK,OK,0.00
332,1,NG,SC,0.79
332,2,NG,SC,0.70
332,3,OK,OK,0.00
332,4,OK,OK,0.00
333,1,NG,SC,0.63
333,2,NG,SC,0.64
333,3,OK,OK,0.00
333,4,OK,OK,0.00
334,1,OK,OK,0.00
334,2,OK,OK,0.00
334,3,OK,OK,0.00
334,4,OK,OK,0.00
335,1,NG,deform,1.00
335,2,NG,NULL_invalid,1.00
335,3,OK,OK,0.00
335,4,OK,OK,0.00
336,1,NG,SC,0.73
336,2,NG,SC,0.82
336,3,OK,OK,0.00
336,4,OK,OK,0.00
337,1,NG,SC,0.77
337,2,NG,SC,0.70
337,3,OK,OK,0.00
337,4,OK,OK,0.00
338,1,NG,SC,0.81
338,2,NG,SC,0.79
338,3,OK,OK,0.00
338,4,OK,OK,0.00
339,1,NG,SC,0.72
339,2,NG,SC,0.81
339,3,OK,OK,0.00
339,4,OK,OK,0.00
340,1,NG,SC,0.79
340,2,NG,SC,0.81
340,3,OK,OK,0.00
340,4,OK,OK,0.00
341,1,NG,SC,0.81
341,2,NG,SC,0.82
341,3,OK,OK,0.00
341,4,OK,OK,0.00
342,1,NG,SC,0.83
342,2,NG,SC,0.80
342,3,OK,OK,0.00
342,4,OK,OK,0.00
343,1,NG,SC,0.69
343,2,NG,SC,0.76
343,3,OK,OK,0.00
343,4,OK,OK,0.00
344,1,NG,SC,0.83
344,2,NG,SC,0.58
344,3,OK,OK,0.00
344,4,OK,OK,0.00
345,1,NG,SC,0.76
345,2,NG,SC,0.79
345,3,OK,OK,0.00
345,4,OK,OK,0.00
346,1,NG,SC,0.79
346,2,NG,SC,0.77
346,3,OK,OK,0.00
346,4,OK,OK,0.00
347,1,NG,SC,0.80
347,2,NG,SC,0.72
347,3,OK,OK,0.00
347,4,OK,OK,0.00
348,1,NG,SC,0.69
348,2,NG,SC,0.83
348,3,OK,OK,0.00
348,4,OK,OK,0.00
349,1,NG,SC,0.80
349,2,NG,SC,0.83
349,3,OK,OK,0.00
349,4,OK,OK,0.00
350,1,NG,SC,0.84
350,2,NG,SC,0.81
350,3,OK,OK,0.00
350,4,OK,OK,0.00
351,1,NG,SC,0.69
351,2,NG,SC,0.81
351,3,OK,OK,0.00
351,4,OK,OK,0.00
352,1,NG,SC,0.79
352,2,NG,SC,0.67
352,3,OK,OK,0.00
352,4,OK,OK,0.00
353,1,NG,SC,0.61
353,2,NG,SC,0.47
353,3,OK,OK,0.00
353,4,OK,OK,0.00
354,1,NG,deform,1.00
354,2,NG,NULL_invalid,1.00
354,3,OK,OK,0.00
354,4,OK,OK,0.00
355,1,NG,SC,0.60
355,2,NG,SC,0.77
355,3,OK,OK,0.00
355,4,OK,OK,0.00
356,1,NG,SC,0.73
356,2,NG,SC,0.67
356,3,OK,OK,0.00
356,4,OK,OK,0.00

==== 1+2站/3+4站合併結果 ====
樣品ID,組別,合併結果,分數,瑕疵名稱
0,1+2,NG,1.00,deform
0,3+4,OK,0.00,OK
1,1+2,NG,0.83,SC
1,3+4,OK,0.00,OK
2,1+2,NG,0.81,SC
2,3+4,OK,0.00,OK
3,1+2,NG,1.00,deform
3,3+4,OK,0.00,OK
4,1+2,NG,1.00,deform
4,3+4,OK,0.00,OK
5,1+2,NG,0.76,SC
5,3+4,OK,0.00,OK
6,1+2,NG,0.72,SC
6,3+4,OK,0.00,OK
7,1+2,NG,0.84,SC
7,3+4,OK,0.00,OK
8,1+2,NG,0.78,SC
8,3+4,OK,0.00,OK
9,1+2,NG,0.83,SC
9,3+4,OK,0.00,OK
10,1+2,NG,0.78,SC
10,3+4,OK,0.00,OK
11,1+2,NG,0.81,SC
11,3+4,OK,0.00,OK
12,1+2,NG,0.76,SC
12,3+4,OK,0.00,OK
13,1+2,NG,0.85,SC
13,3+4,OK,0.00,OK
14,1+2,NG,1.00,deform
14,3+4,OK,0.00,OK
15,1+2,NG,1.00,deform
15,3+4,OK,0.00,OK
16,1+2,NG,0.77,SC
16,3+4,OK,0.00,OK
17,1+2,NG,1.00,deform
17,3+4,OK,0.00,OK
18,1+2,NG,0.86,SC
18,3+4,OK,0.00,OK
19,1+2,NG,0.83,SC
19,3+4,OK,0.00,OK
20,1+2,NG,0.71,SC
20,3+4,OK,0.00,OK
21,1+2,NG,0.78,SC
21,3+4,OK,0.00,OK
22,1+2,NG,1.00,deform
22,3+4,OK,0.00,OK
23,1+2,NG,1.00,deform
23,3+4,OK,0.00,OK
24,1+2,NG,0.79,SC
24,3+4,OK,0.00,OK
25,1+2,NG,1.00,deform
25,3+4,OK,0.00,OK
26,1+2,NG,0.86,SC
26,3+4,OK,0.00,OK
27,1+2,NG,1.00,deform
27,3+4,OK,0.00,OK
28,1+2,NG,0.76,SC
28,3+4,OK,0.00,OK
29,1+2,NG,1.00,deform
29,3+4,OK,0.00,OK
30,1+2,NG,0.82,SC
30,3+4,OK,0.00,OK
31,1+2,NG,0.77,SC
31,3+4,OK,0.00,OK
32,1+2,NG,1.00,deform
32,3+4,OK,0.00,OK
33,1+2,NG,0.79,SC
33,3+4,OK,0.00,OK
34,1+2,NG,0.82,SC
34,3+4,OK,0.00,OK
35,1+2,NG,0.79,SC
35,3+4,OK,0.00,OK
36,1+2,NG,1.00,deform
36,3+4,OK,0.00,OK
37,1+2,NG,0.79,SC
37,3+4,OK,0.00,OK
38,1+2,NG,1.00,deform
38,3+4,OK,0.00,OK
39,1+2,NG,0.80,SC
39,3+4,OK,0.00,OK
40,1+2,NG,1.00,deform
40,3+4,OK,0.00,OK
41,1+2,OK,0.00,OK
41,3+4,OK,0.00,OK
42,1+2,NG,1.00,deform
42,3+4,OK,0.00,OK
43,1+2,NG,0.75,SC
43,3+4,OK,0.00,OK
44,1+2,NG,0.74,SC
44,3+4,OK,0.00,OK
45,1+2,NG,0.82,SC
45,3+4,OK,0.00,OK
46,1+2,NG,1.00,deform
46,3+4,OK,0.00,OK
47,1+2,NG,0.82,SC
47,3+4,OK,0.00,OK
48,1+2,NG,0.80,SC
48,3+4,OK,0.00,OK
49,1+2,NG,0.83,SC
49,3+4,OK,0.00,OK
50,1+2,NG,1.00,deform
50,3+4,OK,0.00,OK
51,1+2,NG,0.81,SC
51,3+4,OK,0.00,OK
52,1+2,NG,0.85,SC
52,3+4,OK,0.00,OK
54,1+2,NG,0.84,SC
54,3+4,OK,0.00,OK
55,1+2,NG,0.81,SC
55,3+4,OK,0.00,OK
56,1+2,NG,0.77,SC
56,3+4,OK,0.00,OK
57,1+2,NG,0.74,SC
57,3+4,OK,0.00,OK
58,1+2,NG,0.81,SC
58,3+4,OK,0.00,OK
59,1+2,NG,0.81,SC
59,3+4,OK,0.00,OK
60,1+2,NG,1.00,deform
60,3+4,OK,0.00,OK
61,1+2,NG,0.53,SC
61,3+4,OK,0.00,OK
62,1+2,NG,0.77,SC
62,3+4,OK,0.00,OK
63,1+2,NG,0.82,SC
63,3+4,OK,0.00,OK
64,1+2,NG,0.76,SC
64,3+4,OK,0.00,OK
65,1+2,NG,0.79,SC
65,3+4,OK,0.00,OK
66,1+2,NG,0.73,SC
66,3+4,OK,0.00,OK
67,1+2,NG,0.74,SC
67,3+4,OK,0.00,OK
68,1+2,NG,0.80,SC
68,3+4,OK,0.00,OK
69,1+2,NG,0.77,SC
69,3+4,OK,0.00,OK
70,1+2,NG,0.81,SC
70,3+4,OK,0.00,OK
71,1+2,NG,0.78,SC
71,3+4,OK,0.00,OK
73,1+2,NG,0.81,SC
73,3+4,OK,0.00,OK
74,1+2,NG,0.81,SC
74,3+4,OK,0.00,OK
75,1+2,OK,0.00,OK
75,3+4,OK,0.00,OK
76,1+2,NG,1.00,deform
76,3+4,OK,0.00,OK
77,1+2,NG,1.00,deform
77,3+4,OK,0.00,OK
78,1+2,NG,0.75,SC
78,3+4,OK,0.00,OK
79,1+2,NG,0.74,SC
79,3+4,OK,0.00,OK
80,1+2,NG,0.76,SC
80,3+4,OK,0.00,OK
81,1+2,NG,1.00,deform
81,3+4,OK,0.00,OK
82,1+2,NG,0.80,SC
82,3+4,OK,0.00,OK
83,1+2,NG,0.80,SC
83,3+4,OK,0.00,OK
84,1+2,NG,0.88,SC
84,3+4,OK,0.00,OK
85,1+2,NG,1.00,deform
85,3+4,OK,0.00,OK
86,1+2,NG,1.00,deform
86,3+4,OK,0.00,OK
87,1+2,NG,0.64,SC
87,3+4,OK,0.00,OK
88,1+2,NG,1.00,deform
88,3+4,OK,0.00,OK
89,1+2,NG,0.80,SC
89,3+4,OK,0.00,OK
90,1+2,NG,1.00,deform
90,3+4,OK,0.00,OK
91,1+2,NG,0.78,SC
91,3+4,OK,0.00,OK
92,1+2,NG,0.74,SC
92,3+4,OK,0.00,OK
93,1+2,NG,0.75,SC
93,3+4,OK,0.00,OK
94,1+2,NG,0.78,SC
94,3+4,OK,0.00,OK
95,1+2,NG,1.00,deform
95,3+4,OK,0.00,OK
96,1+2,NG,0.82,SC
96,3+4,OK,0.00,OK
97,1+2,NG,0.85,SC
97,3+4,OK,0.00,OK
98,1+2,NG,0.83,SC
98,3+4,OK,0.00,OK
99,1+2,NG,0.75,SC
99,3+4,OK,0.00,OK
100,1+2,NG,0.81,SC
100,3+4,OK,0.00,OK
101,1+2,NG,0.80,SC
101,3+4,OK,0.00,OK
102,1+2,NG,0.86,SC
102,3+4,OK,0.00,OK
103,1+2,NG,0.71,SC
103,3+4,OK,0.00,OK
104,1+2,NG,0.64,SC
104,3+4,OK,0.00,OK
105,1+2,NG,0.88,INP
105,3+4,OK,0.00,OK
106,1+2,NG,0.81,SC
106,3+4,OK,0.00,OK
109,1+2,NG,1.00,deform
109,3+4,OK,0.00,OK
110,1+2,NG,0.86,SC
110,3+4,OK,0.00,OK
111,1+2,NG,0.82,SC
111,3+4,OK,0.00,OK
112,1+2,NG,0.69,SC
112,3+4,OK,0.00,OK
113,1+2,NG,1.00,deform
113,3+4,OK,0.00,OK
114,1+2,NG,0.80,SC
114,3+4,OK,0.00,OK
115,1+2,NG,0.73,SC
115,3+4,OK,0.00,OK
116,1+2,NG,0.86,SC
116,3+4,OK,0.00,OK
117,1+2,NG,1.00,deform
117,3+4,OK,0.00,OK
118,1+2,NG,0.46,SC
118,3+4,OK,0.00,OK
119,1+2,NG,0.57,SC
119,3+4,OK,0.00,OK
120,1+2,OK,0.00,OK
120,3+4,OK,0.00,OK
121,1+2,NG,0.79,SC
121,3+4,OK,0.00,OK
122,1+2,NG,0.77,SC
122,3+4,OK,0.00,OK
123,1+2,NG,1.00,deform
123,3+4,OK,0.00,OK
124,1+2,NG,0.71,SC
124,3+4,OK,0.00,OK
125,1+2,NG,0.79,SC
125,3+4,OK,0.00,OK
126,1+2,NG,1.00,deform
126,3+4,OK,0.00,OK
127,1+2,NG,0.80,SC
127,3+4,OK,0.00,OK
128,1+2,NG,0.81,SC
128,3+4,OK,0.00,OK
129,1+2,NG,0.72,SC
129,3+4,OK,0.00,OK
130,1+2,NG,0.83,SC
130,3+4,OK,0.00,OK
131,1+2,NG,1.00,deform
131,3+4,OK,0.00,OK
132,1+2,NG,0.73,SC
132,3+4,OK,0.00,OK
133,1+2,NG,0.73,SC
133,3+4,OK,0.00,OK
134,1+2,NG,0.68,SC
134,3+4,OK,0.00,OK
135,1+2,NG,1.00,deform
135,3+4,OK,0.00,OK
136,1+2,NG,0.81,SC
136,3+4,OK,0.00,OK
137,1+2,NG,0.80,SC
137,3+4,OK,0.00,OK
138,1+2,NG,0.84,SC
138,3+4,OK,0.00,OK
139,1+2,NG,0.83,SC
139,3+4,OK,0.00,OK
140,1+2,NG,0.75,SC
140,3+4,OK,0.00,OK
141,1+2,NG,0.79,SC
141,3+4,OK,0.00,OK
142,1+2,NG,0.82,SC
142,3+4,OK,0.00,OK
143,1+2,NG,0.80,SC
143,3+4,OK,0.00,OK
144,1+2,NG,1.00,deform
144,3+4,OK,0.00,OK
145,1+2,OK,0.00,OK
145,3+4,OK,0.00,OK
146,1+2,NG,0.81,SC
146,3+4,OK,0.00,OK
147,1+2,NG,0.81,SC
147,3+4,OK,0.00,OK
148,1+2,NG,0.74,SC
148,3+4,OK,0.00,OK
149,1+2,NG,0.72,SC
149,3+4,OK,0.00,OK
150,1+2,NG,1.00,deform
150,3+4,OK,0.00,OK
151,1+2,OK,0.00,OK
151,3+4,OK,0.00,OK
152,1+2,OK,0.00,OK
152,3+4,OK,0.00,OK
153,1+2,NG,0.76,SC
153,3+4,OK,0.00,OK
154,1+2,NG,0.83,SC
154,3+4,OK,0.00,OK
155,1+2,NG,0.80,SC
155,3+4,OK,0.00,OK
156,1+2,NG,0.83,SC
156,3+4,OK,0.00,OK
157,1+2,OK,0.00,OK
157,3+4,OK,0.00,OK
158,1+2,OK,0.00,OK
158,3+4,OK,0.00,OK
159,1+2,NG,0.82,SC
159,3+4,OK,0.00,OK
160,1+2,NG,1.00,deform
160,3+4,OK,0.00,OK
161,1+2,NG,0.80,SC
161,3+4,OK,0.00,OK
162,1+2,OK,0.32,SC
162,3+4,OK,0.00,OK
163,1+2,NG,0.69,SC
163,3+4,OK,0.00,OK
164,1+2,NG,0.80,SC
164,3+4,OK,0.00,OK
165,1+2,NG,1.00,deform
165,3+4,OK,0.00,OK
166,1+2,OK,0.00,OK
166,3+4,OK,0.00,OK
167,1+2,NG,0.81,SC
167,3+4,OK,0.00,OK
168,1+2,NG,0.85,SC
168,3+4,OK,0.00,OK
169,1+2,NG,0.79,SC
169,3+4,OK,0.00,OK
170,1+2,NG,0.77,SC
170,3+4,OK,0.00,OK
171,1+2,NG,1.00,deform
171,3+4,OK,0.00,OK
172,1+2,NG,1.00,deform
172,3+4,OK,0.00,OK
173,1+2,NG,0.79,SC
173,3+4,OK,0.00,OK
174,1+2,NG,0.61,SC
174,3+4,OK,0.00,OK
175,1+2,NG,0.75,SC
175,3+4,OK,0.00,OK
176,1+2,OK,0.00,OK
176,3+4,OK,0.00,OK
177,1+2,NG,0.78,SC
177,3+4,OK,0.00,OK
178,1+2,OK,0.00,OK
178,3+4,OK,0.00,OK
179,1+2,NG,1.00,deform
179,3+4,OK,0.00,OK
180,1+2,NG,0.63,SC
180,3+4,OK,0.00,OK
181,1+2,NG,0.85,SC
181,3+4,OK,0.00,OK
182,1+2,NG,0.75,SC
182,3+4,OK,0.00,OK
183,1+2,NG,0.87,SC
183,3+4,OK,0.00,OK
184,1+2,NG,0.81,SC
184,3+4,OK,0.00,OK
185,1+2,NG,0.80,SC
185,3+4,OK,0.00,OK
186,1+2,NG,1.00,deform
186,3+4,OK,0.00,OK
187,1+2,NG,0.84,SC
187,3+4,OK,0.00,OK
188,1+2,NG,0.82,SC
188,3+4,OK,0.00,OK
189,1+2,NG,0.77,SC
189,3+4,OK,0.00,OK
190,1+2,NG,0.82,SC
190,3+4,OK,0.00,OK
191,1+2,NG,1.00,deform
191,3+4,OK,0.00,OK
192,1+2,NG,0.80,SC
192,3+4,OK,0.00,OK
193,1+2,NG,0.85,SC
193,3+4,OK,0.00,OK
194,1+2,NG,0.42,SC
194,3+4,OK,0.00,OK
195,1+2,NG,0.80,SC
195,3+4,OK,0.00,OK
196,1+2,NG,1.00,deform
196,3+4,OK,0.00,OK
197,1+2,OK,0.35,SC
197,3+4,OK,0.00,OK
198,1+2,NG,0.75,SC
198,3+4,OK,0.00,OK
199,1+2,NG,0.83,SC
199,3+4,OK,0.00,OK
200,1+2,NG,0.71,SC
200,3+4,OK,0.00,OK
201,1+2,NG,0.84,SC
201,3+4,OK,0.00,OK
202,1+2,NG,1.00,deform
202,3+4,OK,0.00,OK
203,1+2,NG,0.73,SC
203,3+4,OK,0.00,OK
204,1+2,NG,1.00,deform
204,3+4,OK,0.00,OK
205,1+2,NG,0.74,SC
205,3+4,OK,0.00,OK
206,1+2,NG,1.00,deform
206,3+4,OK,0.00,OK
207,1+2,NG,1.00,deform
207,3+4,OK,0.00,OK
208,1+2,NG,1.00,deform
208,3+4,OK,0.00,OK
209,1+2,NG,1.00,deform
209,3+4,OK,0.00,OK
210,1+2,NG,0.84,SC
210,3+4,OK,0.00,OK
211,1+2,NG,0.83,SC
211,3+4,OK,0.00,OK
212,1+2,NG,0.81,SC
212,3+4,OK,0.00,OK
213,1+2,NG,0.54,SC
213,3+4,OK,0.00,OK
214,1+2,NG,0.65,SC
214,3+4,OK,0.00,OK
215,1+2,NG,0.81,SC
215,3+4,OK,0.00,OK
216,1+2,NG,0.73,SC
216,3+4,OK,0.00,OK
217,1+2,NG,0.87,SC
217,3+4,OK,0.00,OK
218,1+2,NG,1.00,deform
218,3+4,OK,0.00,OK
219,1+2,NG,0.84,SC
219,3+4,OK,0.00,OK
220,1+2,NG,0.79,SC
220,3+4,OK,0.00,OK
221,1+2,NG,0.42,SC
221,3+4,OK,0.00,OK
222,1+2,NG,0.79,SC
222,3+4,OK,0.00,OK
223,1+2,NG,0.71,SC
223,3+4,OK,0.00,OK
224,1+2,NG,0.85,SC
224,3+4,OK,0.00,OK
225,1+2,NG,1.00,deform
225,3+4,OK,0.00,OK
226,1+2,NG,0.76,SC
226,3+4,OK,0.00,OK
227,1+2,NG,1.00,deform
227,3+4,OK,0.00,OK
228,1+2,NG,1.00,deform
228,3+4,OK,0.00,OK
229,1+2,NG,1.00,deform
229,3+4,OK,0.00,OK
230,1+2,NG,0.83,SC
230,3+4,OK,0.00,OK
231,1+2,NG,0.77,SC
231,3+4,OK,0.00,OK
232,1+2,NG,1.00,deform
232,3+4,OK,0.00,OK
233,1+2,NG,0.82,SC
233,3+4,OK,0.00,OK
234,1+2,NG,0.83,SC
234,3+4,OK,0.00,OK
235,1+2,OK,0.00,OK
235,3+4,OK,0.00,OK
236,1+2,NG,0.83,SC
236,3+4,OK,0.00,OK
237,1+2,NG,0.85,SC
237,3+4,OK,0.00,OK
238,1+2,NG,0.84,SC
238,3+4,OK,0.00,OK
239,1+2,OK,0.00,OK
239,3+4,OK,0.00,OK
240,1+2,NG,0.80,SC
240,3+4,OK,0.00,OK
241,1+2,NG,0.70,SC
241,3+4,OK,0.00,OK
242,1+2,NG,0.81,SC
242,3+4,OK,0.00,OK
243,1+2,NG,0.71,SC
243,3+4,OK,0.00,OK
244,1+2,NG,1.00,deform
244,3+4,OK,0.00,OK
245,1+2,NG,0.72,SC
245,3+4,OK,0.00,OK
246,1+2,NG,0.81,SC
246,3+4,OK,0.00,OK
247,1+2,NG,0.49,SC
247,3+4,OK,0.00,OK
248,1+2,NG,0.77,SC
248,3+4,OK,0.00,OK
249,1+2,NG,0.85,SC
249,3+4,OK,0.00,OK
250,1+2,NG,0.85,SC
250,3+4,OK,0.00,OK
251,1+2,NG,0.80,SC
251,3+4,OK,0.00,OK
252,1+2,NG,0.76,SC
252,3+4,OK,0.00,OK
253,1+2,NG,1.00,deform
253,3+4,OK,0.00,OK
254,1+2,NG,0.71,SC
254,3+4,OK,0.00,OK
255,1+2,NG,0.83,SC
255,3+4,OK,0.00,OK
256,1+2,NG,0.80,SC
256,3+4,OK,0.00,OK
257,1+2,NG,0.80,SC
257,3+4,OK,0.00,OK
258,1+2,NG,0.84,SC
258,3+4,OK,0.00,OK
259,1+2,NG,0.84,SC
259,3+4,OK,0.00,OK
260,1+2,NG,1.00,deform
260,3+4,OK,0.00,OK
261,1+2,OK,0.00,OK
261,3+4,OK,0.00,OK
262,1+2,NG,0.80,SC
262,3+4,OK,0.00,OK
263,1+2,NG,0.79,SC
263,3+4,OK,0.00,OK
264,1+2,NG,0.76,SC
264,3+4,OK,0.00,OK
265,1+2,OK,0.00,OK
265,3+4,OK,0.00,OK
266,1+2,NG,1.00,deform
266,3+4,OK,0.00,OK
267,1+2,NG,0.51,SC
267,3+4,OK,0.00,OK
268,1+2,NG,0.79,SC
268,3+4,OK,0.00,OK
269,1+2,NG,0.75,SC
269,3+4,OK,0.00,OK
270,1+2,NG,1.00,deform
270,3+4,OK,0.00,OK
271,1+2,NG,0.80,SC
271,3+4,OK,0.00,OK
272,1+2,NG,0.83,SC
272,3+4,OK,0.00,OK
273,1+2,NG,1.00,deform
273,3+4,OK,0.00,OK
274,1+2,NG,0.79,SC
274,3+4,OK,0.00,OK
275,1+2,NG,0.83,SC
275,3+4,OK,0.00,OK
276,1+2,OK,0.00,OK
276,3+4,OK,0.00,OK
277,1+2,NG,0.80,SC
277,3+4,OK,0.00,OK
278,1+2,NG,0.68,SC
278,3+4,OK,0.00,OK
279,1+2,NG,0.75,SC
279,3+4,OK,0.00,OK
280,1+2,NG,0.84,SC
280,3+4,OK,0.00,OK
281,1+2,NG,0.66,SC
281,3+4,OK,0.00,OK
282,1+2,NG,0.80,SC
282,3+4,OK,0.00,OK
283,1+2,NG,1.00,deform
283,3+4,OK,0.00,OK
284,1+2,NG,1.00,deform
284,3+4,OK,0.00,OK
285,1+2,NG,0.73,SC
285,3+4,OK,0.00,OK
286,1+2,NG,0.83,SC
286,3+4,OK,0.00,OK
287,1+2,NG,0.46,SC
287,3+4,OK,0.00,OK
288,1+2,OK,0.00,OK
288,3+4,OK,0.00,OK
289,1+2,NG,0.81,SC
289,3+4,OK,0.00,OK
290,1+2,NG,1.00,deform
290,3+4,OK,0.00,OK
291,1+2,NG,0.80,SC
291,3+4,OK,0.00,OK
292,1+2,NG,0.75,SC
292,3+4,OK,0.00,OK
293,1+2,NG,0.85,SC
293,3+4,OK,0.00,OK
294,1+2,NG,1.00,deform
294,3+4,OK,0.00,OK
295,1+2,NG,0.74,SC
295,3+4,OK,0.00,OK
296,1+2,NG,0.83,SC
296,3+4,OK,0.00,OK
297,1+2,NG,0.79,SC
297,3+4,OK,0.00,OK
298,1+2,NG,0.77,SC
298,3+4,OK,0.00,OK
299,1+2,NG,0.71,SC
299,3+4,OK,0.00,OK
300,1+2,NG,0.82,SC
300,3+4,OK,0.00,OK
301,1+2,NG,0.76,SC
301,3+4,OK,0.00,OK
302,1+2,NG,0.77,SC
302,3+4,OK,0.00,OK
303,1+2,NG,0.71,SC
303,3+4,OK,0.00,OK
304,1+2,NG,0.82,SC
304,3+4,OK,0.00,OK
305,1+2,NG,1.00,deform
305,3+4,OK,0.00,OK
306,1+2,NG,1.00,deform
306,3+4,OK,0.00,OK
307,1+2,NG,0.84,SC
307,3+4,OK,0.00,OK
308,1+2,OK,0.37,SC
308,3+4,OK,0.00,OK
309,1+2,NG,0.86,SC
309,3+4,OK,0.00,OK
310,1+2,NG,0.84,SC
310,3+4,OK,0.00,OK
311,1+2,NG,0.80,SC
311,3+4,OK,0.00,OK
312,1+2,NG,0.84,SC
312,3+4,OK,0.00,OK
313,1+2,NG,0.72,SC
313,3+4,OK,0.00,OK
314,1+2,NG,0.70,SC
314,3+4,OK,0.00,OK
315,1+2,NG,0.65,SC
315,3+4,OK,0.00,OK
316,1+2,NG,0.87,SC
316,3+4,OK,0.00,OK
317,1+2,NG,0.80,SC
317,3+4,OK,0.00,OK
318,1+2,OK,0.00,OK
318,3+4,OK,0.00,OK
319,1+2,OK,0.27,SC
319,3+4,OK,0.00,OK
320,1+2,NG,0.81,SC
320,3+4,OK,0.00,OK
321,1+2,NG,0.77,SC
321,3+4,OK,0.00,OK
322,1+2,NG,0.80,SC
322,3+4,OK,0.00,OK
323,1+2,NG,1.00,deform
323,3+4,OK,0.00,OK
324,1+2,NG,1.00,deform
324,3+4,OK,0.00,OK
325,1+2,NG,0.86,SC
325,3+4,OK,0.00,OK
326,1+2,NG,0.85,SC
326,3+4,OK,0.00,OK
327,1+2,NG,0.86,SC
327,3+4,OK,0.00,OK
328,1+2,NG,0.80,SC
328,3+4,OK,0.00,OK
329,1+2,NG,1.00,deform
329,3+4,OK,0.00,OK
330,1+2,NG,0.78,SC
330,3+4,OK,0.00,OK
331,1+2,NG,1.00,deform
331,3+4,OK,0.00,OK
332,1+2,NG,0.79,SC
332,3+4,OK,0.00,OK
333,1+2,NG,0.64,SC
333,3+4,OK,0.00,OK
334,1+2,OK,0.00,OK
334,3+4,OK,0.00,OK
335,1+2,NG,1.00,deform
335,3+4,OK,0.00,OK
336,1+2,NG,0.82,SC
336,3+4,OK,0.00,OK
337,1+2,NG,0.77,SC
337,3+4,OK,0.00,OK
338,1+2,NG,0.81,SC
338,3+4,OK,0.00,OK
339,1+2,NG,0.81,SC
339,3+4,OK,0.00,OK
340,1+2,NG,0.81,SC
340,3+4,OK,0.00,OK
341,1+2,NG,0.82,SC
341,3+4,OK,0.00,OK
342,1+2,NG,0.83,SC
342,3+4,OK,0.00,OK
343,1+2,NG,0.76,SC
343,3+4,OK,0.00,OK
344,1+2,NG,0.83,SC
344,3+4,OK,0.00,OK
345,1+2,NG,0.79,SC
345,3+4,OK,0.00,OK
346,1+2,NG,0.79,SC
346,3+4,OK,0.00,OK
347,1+2,NG,0.80,SC
347,3+4,OK,0.00,OK
348,1+2,NG,0.83,SC
348,3+4,OK,0.00,OK
349,1+2,NG,0.83,SC
349,3+4,OK,0.00,OK
350,1+2,NG,0.84,SC
350,3+4,OK,0.00,OK
351,1+2,NG,0.81,SC
351,3+4,OK,0.00,OK
352,1+2,NG,0.79,SC
352,3+4,OK,0.00,OK
353,1+2,NG,0.61,SC
353,3+4,OK,0.00,OK
354,1+2,NG,1.00,deform
354,3+4,OK,0.00,OK
355,1+2,NG,0.77,SC
355,3+4,OK,0.00,OK
356,1+2,NG,0.73,SC
356,3+4,OK,0.00,OK

==== 合併組別OK/NG統計 ====
組別,OK數量,NG數量
1+2,23,330
3+4,353,0

==== 站點統計 ====
站點,OK數量,NG數量,瑕疵類型,瑕疵數量
1,44,309,SC,259
1,44,309,INP,1
1,44,309,deform,49
2,37,316,SC,261
2,37,316,NULL_invalid,11
2,37,316,INP,1
2,37,316,deform,43
3,353,0,無,0
4,353,0,無,0

==== 合併組別分數分布統計 ====
組別,樣本數,最小值,最大值,平均值,5%分位數,25%分位數,中位數,75%分位數,95%分位數,推薦閥值
1+2,353,0.00,1.00,0.78,0.00,0.76,0.81,0.85,1.00,1.00
3+4,353,0.00,0.00,0.00,0.00,0.00,0.00,0.00,0.00,0.00

==== 樣品統計 ====
樣品ID,結果,瑕疵類型,瑕疵分數,超時
0,NG,deform,1.00,3959.86
1,NG,SC,0.83,6297.50
2,NG,SC,0.81,5939.75
3,NG,deform,1.00,5450.81
4,NG,deform,1.00,16329.00
5,NG,SC,0.76,20512.71
6,NG,SC,0.72,20163.84
7,NG,SC,0.84,21419.91
8,NG,SC,0.78,19570.67
9,NG,SC,0.83,19211.00
10,NG,SC,0.78,19364.22
11,NG,SC,0.81,19887.55
12,NG,SC,0.76,19607.55
13,NG,SC,0.85,20301.47
14,NG,deform,1.00,21684.89
15,NG,deform,1.00,124394.09
16,NG,SC,0.77,127646.14
17,NG,deform,1.00,127426.77
18,NG,SC,0.86,130918.45
19,NG,SC,0.83,132096.80
20,NG,SC,0.71,124183.79
21,NG,SC,0.78,123858.23
22,NG,deform,1.00,123506.22
23,NG,deform,1.00,122283.46
24,NG,SC,0.79,123579.34
25,NG,deform,1.00,123221.52
26,NG,SC,0.86,124041.06
27,NG,deform,1.00,121065.99
28,NG,SC,0.76,122254.02
29,NG,deform,1.00,121978.49
30,NG,SC,0.82,122215.78
31,NG,SC,0.77,122059.12
32,NG,deform,1.00,121740.33
33,NG,SC,0.79,122073.43
34,NG,SC,0.82,122493.61
35,NG,SC,0.79,122142.10
36,OK,deform,1.00,126127.44
37,NG,SC,0.79,123023.59
38,NG,deform,1.00,122799.95
39,NG,SC,0.80,123010.43
40,OK,deform,1.00,126406.96
41,OK,OK,0.00,126862.47
42,OK,deform,1.00,126848.90
43,NG,SC,0.75,123359.41
44,NG,SC,0.74,123010.42
45,NG,SC,0.82,123703.22
46,OK,deform,1.00,126631.78
47,NG,SC,0.82,123742.19
48,NG,SC,0.80,123875.35
49,NG,SC,0.83,123541.01
50,NG,deform,1.00,124751.78
51,NG,SC,0.81,124422.96
52,NG,SC,0.85,124117.98
54,NG,SC,0.84,230296.79
55,NG,SC,0.81,232888.53
56,NG,SC,0.77,233623.77
57,NG,SC,0.74,233420.79
58,NG,SC,0.81,233247.45
59,NG,SC,0.81,232918.28
60,NG,deform,1.00,232626.11
61,NG,SC,0.53,232301.92
62,NG,SC,0.77,232069.16
63,NG,SC,0.82,231780.46
64,NG,SC,0.76,231473.82
65,NG,SC,0.79,231235.13
66,NG,SC,0.73,230995.52
67,NG,SC,0.74,230745.29
68,NG,SC,0.80,230520.72
69,NG,SC,0.77,230245.09
70,NG,SC,0.81,229972.78
71,NG,SC,0.78,229812.46
73,NG,SC,0.81,229500.61
74,NG,SC,0.81,229295.35
75,OK,OK,0.00,232407.91
76,NG,deform,1.00,228842.76
77,NG,deform,1.00,228573.16
78,NG,SC,0.75,228294.67
79,NG,SC,0.74,227980.66
80,NG,SC,0.76,227718.87
81,NG,deform,1.00,227390.30
82,NG,SC,0.80,227125.42
83,NG,SC,0.80,226827.49
84,NG,SC,0.88,226543.39
85,NG,deform,1.00,226307.57
86,NG,deform,1.00,226065.05
87,NG,SC,0.64,225844.09
88,NG,deform,1.00,225545.00
89,NG,SC,0.80,225278.75
90,OK,deform,1.00,228308.45
91,NG,SC,0.78,224771.24
92,NG,SC,0.74,224482.35
93,NG,SC,0.75,224268.66
94,NG,SC,0.78,223963.85
95,NG,deform,1.00,223736.67
96,NG,SC,0.82,223444.27
97,NG,SC,0.85,223138.60
98,NG,SC,0.83,222829.72
99,NG,SC,0.75,222502.38
100,NG,SC,0.81,222203.12
101,NG,SC,0.80,221895.05
102,NG,SC,0.86,221565.40
103,NG,SC,0.71,221282.96
104,NG,SC,0.64,221056.92
105,NG,INP,0.88,220733.87
106,NG,SC,0.81,220525.06
109,NG,deform,1.00,219477.13
110,NG,SC,0.86,219189.15
111,NG,SC,0.82,218881.40
112,NG,SC,0.69,218670.62
113,NG,deform,1.00,218335.53
114,NG,SC,0.80,218025.86
115,NG,SC,0.73,217807.76
116,NG,SC,0.86,217480.06
117,NG,deform,1.00,217261.30
118,NG,SC,0.46,216980.40
119,NG,SC,0.57,216732.62
120,OK,OK,0.00,219688.34
121,NG,SC,0.79,216362.19
122,NG,SC,0.77,216109.93
123,NG,deform,1.00,216385.53
124,NG,SC,0.71,219411.07
125,NG,SC,0.79,220104.55
126,NG,deform,1.00,220681.92
127,NG,SC,0.80,221450.08
128,NG,SC,0.81,222205.87
129,NG,SC,0.72,222915.89
130,NG,SC,0.83,223528.09
131,NG,deform,1.00,224247.95
132,NG,SC,0.73,224941.54
133,NG,SC,0.73,225561.33
134,NG,SC,0.68,226162.10
135,NG,deform,1.00,226674.47
136,NG,SC,0.81,227367.97
137,NG,SC,0.80,227919.65
138,NG,SC,0.84,228559.90
139,NG,SC,0.83,229029.77
140,NG,SC,0.75,229770.02
141,NG,SC,0.79,230382.48
142,NG,SC,0.82,231005.68
143,NG,SC,0.80,231532.75
144,NG,deform,1.00,232292.80
145,OK,OK,0.00,236015.75
146,NG,SC,0.81,232735.85
147,NG,SC,0.81,232383.79
148,NG,SC,0.74,232112.88
149,NG,SC,0.72,231819.06
150,NG,deform,1.00,231574.94
151,OK,OK,0.00,234991.63
152,OK,OK,0.00,235724.29
153,NG,SC,0.76,233132.25
154,NG,SC,0.83,233878.99
155,NG,SC,0.80,234458.02
156,NG,SC,0.83,235049.08
157,OK,OK,0.00,238939.73
158,OK,OK,0.00,239520.55
159,NG,SC,0.82,236921.45
160,NG,deform,1.00,237734.50
161,NG,SC,0.80,238345.35
162,OK,SC,0.32,242256.32
163,NG,SC,0.69,239575.11
164,NG,SC,0.80,240139.53
165,NG,deform,1.00,240203.92
166,OK,OK,0.00,243202.61
167,NG,SC,0.81,239665.76
168,NG,SC,0.85,239370.29
169,NG,SC,0.79,239071.91
170,NG,SC,0.77,240353.29
171,NG,deform,1.00,240764.92
172,NG,deform,1.00,241435.78
173,NG,SC,0.79,242065.74
174,NG,SC,0.61,242681.72
175,NG,SC,0.75,243525.77
176,OK,OK,0.00,247341.14
177,NG,SC,0.78,244695.50
178,OK,OK,0.00,248614.48
179,NG,deform,1.00,246002.67
180,NG,SC,0.63,246550.65
181,NG,SC,0.85,246576.09
182,NG,SC,0.75,246274.97
183,NG,SC,0.87,245984.95
184,NG,SC,0.81,245658.34
185,NG,SC,0.80,245381.48
186,NG,deform,1.00,245103.54
187,NG,SC,0.84,244890.81
188,NG,SC,0.82,244594.60
189,NG,SC,0.77,244364.91
190,NG,SC,0.82,244093.82
191,NG,deform,1.00,243839.61
192,NG,SC,0.80,243570.53
193,NG,SC,0.85,243381.92
194,NG,SC,0.42,243167.63
195,NG,SC,0.80,242960.84
196,OK,deform,1.00,245947.48
197,OK,SC,0.35,245783.37
198,NG,SC,0.75,242224.47
199,NG,SC,0.83,242006.09
200,NG,SC,0.71,241748.69
201,NG,SC,0.84,241522.50
202,NG,deform,1.00,241165.55
203,NG,SC,0.73,240812.53
204,NG,deform,1.00,240555.64
205,NG,SC,0.74,240275.36
206,NG,deform,1.00,239974.69
207,NG,deform,1.00,239729.86
208,NG,deform,1.00,239433.00
209,NG,deform,1.00,239214.87
210,NG,SC,0.84,238930.61
211,NG,SC,0.83,238639.07
212,NG,SC,0.81,238371.53
213,NG,SC,0.54,238036.03
214,NG,SC,0.65,237759.86
215,NG,SC,0.81,237477.25
216,NG,SC,0.73,237188.89
217,NG,SC,0.87,236890.43
218,NG,deform,1.00,236573.82
219,NG,SC,0.84,236289.84
220,NG,SC,0.79,235943.47
221,NG,SC,0.42,235631.86
222,NG,SC,0.79,235295.42
223,NG,SC,0.71,234993.95
224,NG,SC,0.85,234662.37
225,NG,deform,1.00,234346.27
226,NG,SC,0.76,234029.42
227,NG,deform,1.00,233782.47
228,NG,deform,1.00,233520.66
229,NG,deform,1.00,233321.79
230,NG,SC,0.83,233075.03
231,NG,SC,0.77,232778.43
232,NG,deform,1.00,232474.51
233,NG,SC,0.82,232196.79
234,NG,SC,0.83,231885.94
235,OK,OK,0.00,234862.38
236,NG,SC,0.83,231322.10
237,NG,SC,0.85,231121.01
238,NG,SC,0.84,230866.63
239,OK,OK,0.00,233861.36
240,NG,SC,0.80,230320.87
241,NG,SC,0.70,230046.47
242,NG,SC,0.81,229745.53
243,NG,SC,0.71,229425.08
244,NG,deform,1.00,229183.84
245,NG,SC,0.72,228882.01
246,NG,SC,0.81,228593.44
247,NG,SC,0.49,228248.35
248,NG,SC,0.77,227907.54
249,NG,SC,0.85,227641.36
250,NG,SC,0.85,227302.44
251,NG,SC,0.80,228603.39
252,NG,SC,0.76,229054.51
253,NG,deform,1.00,229626.98
254,NG,SC,0.71,230663.26
255,NG,SC,0.83,230495.68
256,NG,SC,0.80,230362.03
257,NG,SC,0.80,230221.11
258,NG,SC,0.84,230088.99
259,NG,SC,0.84,229943.21
260,OK,deform,1.00,233075.95
261,OK,OK,0.00,232965.97
262,NG,SC,0.80,229566.34
263,NG,SC,0.79,229432.00
264,NG,SC,0.76,229282.44
265,OK,OK,0.00,232440.29
266,NG,deform,1.00,228983.14
267,NG,SC,0.51,230890.91
268,NG,SC,0.79,232785.09
269,NG,SC,0.75,232661.09
270,NG,deform,1.00,232466.50
271,NG,SC,0.80,232347.01
272,NG,SC,0.83,232177.68
273,NG,deform,1.00,232006.88
274,NG,SC,0.79,231837.25
275,NG,SC,0.83,231666.24
276,OK,OK,0.00,234777.11
277,NG,SC,0.80,231374.60
278,NG,SC,0.68,231211.28
279,NG,SC,0.75,231038.86
280,NG,SC,0.84,230853.31
281,NG,SC,0.66,230681.80
282,NG,SC,0.80,230546.61
283,NG,deform,1.00,230384.66
284,NG,deform,1.00,230215.93
285,NG,SC,0.73,229962.06
286,NG,SC,0.83,229752.13
287,NG,SC,0.46,229605.24
288,OK,OK,0.00,232716.48
289,NG,SC,0.81,229347.96
290,NG,deform,1.00,229182.03
291,NG,SC,0.80,228991.58
292,NG,SC,0.75,228858.82
293,NG,SC,0.85,228738.95
294,NG,deform,1.00,228615.14
295,NG,SC,0.74,228472.41
296,NG,SC,0.83,228342.33
297,NG,SC,0.79,228215.52
298,NG,SC,0.77,228090.82
299,NG,SC,0.71,227939.06
300,NG,SC,0.82,227742.99
301,NG,SC,0.76,227537.86
302,NG,SC,0.77,227416.09
303,NG,SC,0.71,227240.51
304,NG,SC,0.82,227078.04
305,NG,deform,1.00,226960.03
306,OK,deform,1.00,230095.57
307,NG,SC,0.84,226656.42
308,OK,SC,0.37,229797.98
309,NG,SC,0.86,226355.62
310,NG,SC,0.84,226132.30
311,NG,SC,0.80,226028.32
312,NG,SC,0.84,225872.63
313,NG,SC,0.72,225718.06
314,NG,SC,0.70,225560.33
315,NG,SC,0.65,225408.40
316,NG,SC,0.87,225240.74
317,NG,SC,0.80,225015.77
318,OK,OK,0.00,228111.13
319,OK,SC,0.27,227965.14
320,NG,SC,0.81,224492.64
321,NG,SC,0.77,224323.76
322,NG,SC,0.80,224109.60
323,NG,deform,1.00,223881.29
324,NG,deform,1.00,223646.23
325,NG,SC,0.86,223479.03
326,NG,SC,0.85,223293.89
327,NG,SC,0.86,223057.53
328,NG,SC,0.80,222850.59
329,OK,deform,1.00,225861.91
330,NG,SC,0.78,222395.39
331,NG,deform,1.00,222185.21
332,NG,SC,0.79,222012.32
333,NG,SC,0.64,221823.45
334,OK,OK,0.00,224916.57
335,OK,deform,1.00,224729.65
336,NG,SC,0.82,221282.21
337,NG,SC,0.77,221087.52
338,NG,SC,0.81,220898.70
339,NG,SC,0.81,220741.95
340,NG,SC,0.81,220589.43
341,NG,SC,0.82,220429.72
342,NG,SC,0.83,220306.62
343,NG,SC,0.76,220124.66
344,NG,SC,0.83,219961.85
345,NG,SC,0.79,219804.59
346,NG,SC,0.79,219635.93
347,NG,SC,0.80,219501.46
348,NG,SC,0.83,219331.35
349,NG,SC,0.83,219193.59
350,NG,SC,0.84,219007.62
351,NG,SC,0.81,218827.81
352,NG,SC,0.79,218611.39
353,NG,SC,0.61,218438.84
354,OK,deform,1.00,221563.26
355,NG,SC,0.77,218137.82
356,NG,SC,0.73,217972.83

==== 總體統計 ====
總樣品數,353
OK數量,34
NG數量,319
不良率(%),90.37

==== 瑕疵統計 ====
瑕疵類型,數量,比例
SC,255,0.80
deform,63,0.20
INP,1,0.00

==== 分數分布分析 ====
瑕疵類型,樣本數量,最小值,最大值,平均值,5%分位數,25%分位數,中位數,75%分位數,95%分位數,99%分位數,推薦閾值
deform,74,1.00,1.00,1.00,1.00,1.00,1.00,1.00,1.00,1.00,0.00
SC,259,0.27,0.88,0.77,0.57,0.75,0.80,0.82,0.85,0.87,0.38
OK,19,0.00,0.00,0.00,0.00,0.00,0.00,0.00,0.00,0.00,0.00
INP,1,0.88,0.88,0.88,0.88,0.88,0.88,0.88,0.88,0.88,0.00

==== ROC曲線數據 ====
瑕疵類型,閾值,真陽性率,假陽性率,準確率,F1分數
deform,0.00,1.00,1.00,0.85,0.92
deform,0.05,1.00,1.00,0.85,0.92
deform,0.10,1.00,1.00,0.85,0.92
deform,0.15,1.00,1.00,0.85,0.92
deform,0.20,1.00,1.00,0.85,0.92
deform,0.25,1.00,1.00,0.85,0.92
deform,0.30,1.00,1.00,0.85,0.92
deform,0.35,1.00,1.00,0.85,0.92
deform,0.40,1.00,1.00,0.85,0.92
deform,0.45,1.00,1.00,0.85,0.92
deform,0.50,1.00,1.00,0.85,0.92
deform,0.55,1.00,1.00,0.85,0.92
deform,0.60,1.00,1.00,0.85,0.92
deform,0.65,1.00,1.00,0.85,0.92
deform,0.70,1.00,1.00,0.85,0.92
deform,0.75,1.00,1.00,0.85,0.92
deform,0.80,1.00,1.00,0.85,0.92
deform,0.85,1.00,1.00,0.85,0.92
deform,0.90,1.00,1.00,0.85,0.92
deform,0.95,1.00,1.00,0.85,0.92
SC,0.00,1.00,1.00,0.98,0.99
SC,0.05,1.00,1.00,0.98,0.99
SC,0.10,1.00,1.00,0.98,0.99
SC,0.15,1.00,1.00,0.98,0.99
SC,0.20,1.00,1.00,0.98,0.99
SC,0.25,1.00,1.00,0.98,0.99
SC,0.30,1.00,0.75,0.99,0.99
SC,0.35,1.00,0.50,0.99,1.00
SC,0.40,1.00,0.00,1.00,1.00
SC,0.45,0.99,0.00,0.99,1.00
SC,0.50,0.98,0.00,0.98,0.99
SC,0.55,0.97,0.00,0.97,0.98
SC,0.60,0.96,0.00,0.97,0.98
SC,0.65,0.94,0.00,0.94,0.97
SC,0.70,0.91,0.00,0.91,0.95
SC,0.75,0.76,0.00,0.77,0.87
SC,0.80,0.48,0.00,0.49,0.65
SC,0.85,0.06,0.00,0.08,0.12
SC,0.90,0.00,0.00,0.02,0.00
SC,0.95,0.00,0.00,0.02,0.00

==== 混淆矩陣（使用推薦閾值）====
瑕疵類型,閾值,真陽性(TP),假陽性(FP),真陰性(TN),假陰性(FN),準確率,靈敏度,特異度
deform,0.00,63,11,0,0,0.85,1.00,0.00
SC,0.38,255,0,4,0,1.00,1.00,1.00
OK,0.00,0,19,0,0,0.00,0.00,0.00
INP,0.00,1,0,0,0,1.00,1.00,0.00
